scipy: [ 2.50000000e+02  5.97325392e-03  6.60750071e+02  2.08593911e+02
  3.00000000e+00  7.12191078e+04 -1.40047083e+05  0.00000000e+00
  0.00000000e+00 -1.22996936e-02  6.76937407e-01  1.00000000e+00
  0.00000000e+00  0.00000000e+00 -1.28000000e-01  0.00000000e+00
  0.00000000e+00  0.00000000e+00  1.43000000e+00]

Bayesian: [250.08497703605846, -3.8521598703296496, -2.5864612342095077, 4.142704427450791, 
-0.3189836795943499, 4.9197684636921775, 4.257932518860462, 0, 
0, 73.03856584486556, 0.2200898390218109, 1.2306794204387153, 
0, 0, -1.4021082792089667, 0, 
0, 0, 1.0954269844269717]

Given: [250, 1.4, 2.4, -0.25,
3, -0.1, -1.5, 0, 
0, -30.5, 1.15, 1, 
0, 0, -0.128, 0, 
0, 0, 1.43]